peptide,ic50
NPWSGIYATD,32638.7
IINWWPGKTQ,36588.08
CGVVENCSQY,38052.45
MNNYDMHQWE,23942.89
KQFDEGVTYR,38558.68
RMVYIQESVV,13470.62
FKPRAFGQIT,13418.31
KTVVRPENYK,37052.49
KGTCMREADY,36040.73
CPYCSGALIV,13753.89
